Time [s]	Speed [km/h]
0	0
1	0
2	0
3	0
4	0
5	0
6	0
7	0
8	0
9	0
10	0
11	0
12	0
13	0
14	0
15	0
16	0
17	0
18	0
19	0
20	0
21	0
22	0
23	0
24	0
25	0
26	0
27	4,9
28	9,8
29	13,8
30	16,6
31	18,4
32	20,1
33	21,7
34	22,7
35	23,5
36	24,7
37	26,1
38	27,6
39	29,9
40	32,8
41	37,1
42	37,8
43	36,6
44	36,5
45	37,7
46	38,9
47	39,2
48	37,3
49	34,1
50	32,8
51	32,4
52	31,7
53	30,4
54	29,1
55	28,6
56	28,6
57	28,6
58	28,7
59	29,1
60	29,8
61	30,9
62	32,5
63	35,1
64	37,5
65	38,9
66	39
67	37,7
68	35,1
69	32,9
70	32,1
71	31
72	27,4
73	23,7
74	20,2
75	17,5
76	15,9
77	14,5
78	12,7
79	10,9
80	9,5
81	8,1
82	6,9
83	5,8
84	4,5
85	2,5
86	0
87	0
88	0
89	0
90	0
91	0
92	0
93	0
94	2,6
95	6,7
96	10,6
97	14,6
98	19,7
99	24,4
100	27,5
101	30,2
102	33,4
103	35,6
104	35,9
105	35,4
106	35,3
107	35,8
108	37,1
109	38,8
110	40,3
111	41,8
112	43,7
113	45,1
114	46,1
115	47,9
116	50,1
117	51,2
118	52,1
119	54,1
120	56,1
121	56,9
122	57,7
123	59,5
124	61,3
125	61,8
126	61,6
127	61,2
128	60,5
129	59,7
130	59,3
131	59,4
132	59,4
133	58,5
134	57
135	55,6
136	54,2
137	52,9
138	51,8
139	51,3
140	51,5
141	52,6
142	54,3
143	56
144	57,9
145	59,9
146	61,2
147	61,8
148	62,2
149	62,6
150	62,1
151	61,4
152	61,3
153	61,7
154	61,3
155	60,3
156	59,5
157	59,2
158	59,3
159	59,1
160	58,3
161	57,6
162	57,4
163	57,1
164	56,1
165	54,4
166	52,2
167	49,7
168	47,5
169	45,9
170	44,1
171	41,8
172	39,6
173	37,8
174	34,7
175	31,9
176	29,8
177	28,2
178	26,7
179	25
180	23,2
181	21,1
182	18,2
183	14,9
184	12,4
185	11,6
186	12,4
187	13,7
188	16,2
189	16,9
190	15
191	12,6
192	11,9
193	11,6
194	11,8
195	12,3
196	13,4
197	14,6
198	16
199	18,8
200	20,5
201	19,8
202	18,9
203	19,8
204	22,2
205	25,1
206	27,1
207	27,2
208	26,1
209	25,1
210	23,4
211	20,8
212	19,2
213	19
214	17,9
215	16,1
216	15,4
217	15,1
218	13,6
219	12,1
220	12,1
221	11,1
222	7,5
223	3,5
224	1,6
225	0
226	0
227	0
228	0
229	0
230	0
231	0
232	0
233	0
234	0
235	0
236	0
237	0
238	2,6
239	7,9
240	13,6
241	18,4
242	21,3
243	22,6
244	23,5
245	23,7
246	21,7
247	18,6
248	17,1
249	16,7
250	16,4
251	15,7
252	15
253	14,2
254	13,5
255	13
256	12,4
257	11,9
258	11,6
259	11,7
260	12,4
261	15,3
262	20,1
263	26,2
264	31
265	34,3
266	37,1
267	39,1
268	39,7
269	39,2
270	39
271	39,6
272	40,4
273	41,6
274	43,1
275	44,2
276	44,9
277	46,4
278	48,4
279	48,8
280	47,6
281	47
282	47,7
283	49
284	50,5
285	51,3
286	50,8
287	49,5
288	48
289	45,8
290	43,2
291	42,1
292	43
293	43,9
294	42,5
295	38,2
296	34,6
297	33
298	33,5
299	35
300	37,4
301	40,1
302	43,2
303	45,9
304	48,1
305	50,4
306	52,7
307	53,9
308	54,4
309	55
310	55,3
311	55,2
312	54,9
313	55,2
314	55,6
315	55,3
316	54
317	52,5
318	51,5
319	50,3
320	48,7
321	46,2
322	42,5
323	38,6
324	35,1
325	32,2
326	29,7
327	27,6
328	25,5
329	23,2
330	20,5
331	17,9
332	15,4
333	12,8
334	9,9
335	6,9
336	4,2
337	2,5
338	0
339	0
340	0
341	0
342	0
343	0
344	0
345	0
346	0
347	0
348	0
349	0
350	0
351	0
352	0
353	0
354	0
355	0
356	0
357	0
358	0
359	0
360	0
361	0
362	0
363	0
364	0
365	0
366	0
367	0
368	0
369	0
370	0
371	0
372	0
373	0
374	1,8
375	6,9
376	12,5
377	17,2
378	21,4
379	25,3
380	28,3
381	31,2
382	34,2
383	35,7
384	35,9
385	36,8
386	37,9
387	37,3
388	35,2
389	33,9
390	33,4
391	32,6
392	31,8
393	31,2
394	29,8
395	28
396	28,3
397	30,3
398	31,3
399	30,7
400	31
401	33,1
402	34,9
403	35,6
404	36,1
405	37,4
406	38,8
407	40,1
408	41,5
409	43,4
410	45
411	46,2
412	47,3
413	48,5
414	49,5
415	49,9
416	50,3
417	50,7
418	51,2
419	51,9
420	52,9
421	54
422	55,1
423	56,9
424	58,6
425	59,4
426	59,6
427	60,1
428	60,9
429	61,4
430	61,7
431	61,7
432	61,6
433	61,8
434	61,7
435	61
436	60,2
437	59,2
438	57,3
439	55,2
440	54,5
441	54,5
442	53,4
443	51,9
444	51,6
445	52,2
446	52,4
447	51,8
448	50,7
449	49,5
450	48,2
451	46,6
452	44,9
453	43,8
454	43,1
455	42,3
456	42
457	42,8
458	43,5
459	44
460	44,9
461	45,5
462	45,6
463	46,1
464	47,1
465	47,8
466	48,3
467	49,1
468	49,8
469	50,3
470	51,1
471	52,2
472	52,9
473	52,8
474	52,7
475	52,8
476	53
477	52,9
478	52,5
479	51,9
480	51,5
481	51,8
482	52,5
483	52,9
484	52,9
485	53,1
486	53,4
487	53,9
488	54,2
489	54,1
490	54,1
491	54,1
492	53,8
493	53,2
494	52,8
495	52,7
496	52,8
497	52,9
498	53
499	53,1
500	53,2
501	53,4
502	53,8
503	53,7
504	53,7
505	53,9
506	53,2
507	51,8
508	51,1
509	51,2
510	50,2
511	48,2
512	46,9
513	46,3
514	44,7
515	42,2
516	40,1
517	39,3
518	39,6
519	40,4
520	40,3
521	38,9
522	36,2
523	32,2
524	28,1
525	25,2
526	22,9
527	19,4
528	16,7
529	14,2
530	10,7
531	6,7
532	3,5
533	0
534	0
535	0
536	0
537	0
538	0
539	0
540	0
541	0
542	0
543	0
544	0
545	0
546	0
547	0
548	0
549	0
550	0
551	0
552	0
553	0
554	0
555	0
556	0
557	0
558	0
559	0
560	0
561	0
562	0
563	0
564	0
565	0
566	0
567	0
568	0
569	0
570	0
571	0
572	0
573	0
574	0
575	0
576	0
577	1,6
578	6
579	10,7
580	15,5
581	20,1
582	22,2
583	21,8
584	22
585	24,4
586	26,2
587	25
588	22,4
589	20,6
590	20,5
591	21,7
592	23,1
593	23,2
594	22,7
595	23,4
596	25,2
597	26,9
598	28,9
599	31,3
600	32,7
601	32,5
602	32,3
603	33,1
604	34,5
605	36
606	37,3
607	38
608	38,5
609	39,8
610	41
611	40,6
612	39,8
613	40,5
614	42,2
615	43,4
616	44,5
617	45,9
618	47,7
619	49,3
620	50,8
621	52
622	53,2
623	54,1
624	53,4
625	51,3
626	49,6
627	48,3
628	46,5
629	45,2
630	45,7
631	46,6
632	45,9
633	45
634	42,5
635	38,6
636	35,1
637	32,2
638	29,7
639	27,6
640	25,5
641	23,2
642	20,5
643	17,9
644	15,4
645	12,8
646	9,9
647	6,9
648	4,2
649	2,5
650	0
651	0
652	0
653	0
654	0
655	0
656	3
657	4,7
658	6,1
659	8,6
660	11,1
661	11,9
662	11,9
663	12,7
664	13,7
665	13,3
666	11,7
667	9,7
668	7,7
669	5,6
670	3,3
671	1,2
672	0
673	0
674	0
675	0
676	0
677	0
678	0
679	0
680	0
681	0
682	0
683	0
684	0
685	0
686	0
687	0
688	0
689	0
690	0
691	0
692	0
693	0
694	0
695	0
696	0
697	0
698	0
699	0
700	0
701	0
702	0
703	0
704	0
705	0
706	0
707	0
708	0
709	0
710	0
711	0
712	0
713	0
714	0
715	0
716	0
717	0
718	2,7
719	5
720	5,9
721	6
722	5,9
723	6,5
724	8
725	9,1
726	8,8
727	8
728	8,9
729	11,2
730	13,1
731	14,3
732	15,5
733	16,7
734	17,6
735	18,2
736	18,9
737	19,5
738	19,2
739	17,4
740	15,5
741	13,8
742	12,5
743	12,3
744	13,3
745	15,6
746	19,2
747	23
748	26,4
749	29,1
750	29,4
751	27,9
752	26
753	23,2
754	19,6
755	16,3
756	13,6
757	10,6
758	8,1
759	6,9
760	6,3
761	5,4
762	4,4
763	3,1
764	1,5
765	0
766	0
767	0
768	0
769	0
770	0
771	0
772	0
773	0
774	0
775	0
776	0
777	0
778	0
779	0
780	0
781	0
782	0
783	0
784	0
785	0
786	0
787	0
788	0
789	0
790	0
791	0
792	0
793	0
794	0
795	0
796	0
797	0
798	0
799	0
800	0
801	0
802	0
803	0
804	0
805	0
806	0
807	0
808	0
809	0
810	0
811	0
812	0
813	0
814	0
815	0
816	0
817	0
818	0
819	0
820	0
821	0
822	0
823	0
824	0
825	0
826	0
827	0
828	0
829	0
830	0
831	0
832	0
833	0
834	0
835	0
836	0
837	0
838	0
839	0
840	0
841	0
842	2,5
843	5,1
844	9,4
845	11,2
846	11,7
847	11,4
848	10,4
849	9,6
850	9,2
851	8,9
852	8,7
853	8,7
854	8,7
855	8,7
856	8,6
857	8,6
858	8,4
859	8,7
860	9,7
861	11,2
862	13,3
863	14,8
864	15,7
865	16,4
866	18
867	20,5
868	22,2
869	22,1
870	21
871	19,9
872	19,2
873	20
874	22,5
875	25
876	26,5
877	27,7
878	28,5
879	28,5
880	28,7
881	29
882	27,6
883	24,9
884	23,8
885	24,4
886	25,5
887	28
888	30,5
889	30,4
890	28,3
891	25,5
892	23,2
893	20,5
894	17,9
895	15,4
896	12,8
897	9,9
898	6,9
899	4,2
900	2,5
901	0
902	0
903	0
904	0
905	0
906	0
907	0
908	0
909	0
910	0
911	0
912	0
913	0
914	0
915	0
916	0
917	0
918	0
919	0
920	0
921	0
922	0
923	0
924	0
925	0
926	0
927	0
928	0
929	0
930	0
931	0
932	0
933	0
934	0
935	0
936	0
937	0
938	0
939	0
940	0
941	0
942	0
943	0
944	0
945	0
946	0
947	0
948	0
949	0
950	0
951	0
952	0
953	0
954	0
955	0
956	0
957	0
958	0
959	0
960	0
961	0
962	0
963	0
964	0
965	0
966	0
967	1,2
968	3,2
969	4,4
970	4,9
971	6,5
972	9
973	10,8
974	11,4
975	11,3
976	10,2
977	7,8
978	5,5
979	4,3
980	3,5
981	1,9
982	0
983	0
984	0
985	0
986	0
987	0
988	0
989	0
990	0
991	0
992	0
993	0
994	0
995	0
996	0
997	0
998	0
999	0
1000	0
1001	2,9
1002	8,6
1003	13,6
1004	17,9
1005	22,2
1006	23,6
1007	21,9
1008	21,4
1009	23
1010	23
1011	20,6
1012	18,9
1013	18,4
1014	18,1
1015	18,3
1016	20
1017	23,4
1018	27,3
1019	30,5
1020	32,6
1021	33,8
1022	31,8
1023	28,6
1024	24,9
1025	22,6
1026	19,4
1027	16,7
1028	14,2
1029	10,7
1030	6,7
1031	3,5
1032	0
1033	0
1034	0
1035	0
1036	0
1037	0
1038	0
1039	0
1040	0
1041	0
1042	0
1043	0
1044	0
1045	0
1046	0
1047	3,2
1048	7,5
1049	11,6
1050	14,8
1051	17,5
1052	20,2
1053	23,1
1054	25,9
1055	28,6
1056	30,8
1057	32,8
1058	35
1059	37
1060	38,8
1061	40,6
1062	42,7
1063	44,6
1064	46,2
1065	48,1
1066	50,2
1067	52
1068	53,6
1069	55,4
1070	56,9
1071	58,2
1072	59,7
1073	61,8
1074	63,9
1075	65,5
1076	66,7
1077	67,8
1078	69,1
1079	70,1
1080	71
1081	72,1
1082	73,3
1083	74,2
1084	75
1085	75,9
1086	76,7
1087	77,1
1088	76,4
1089	75,2
1090	73,3
1091	71,2
1092	69,8
1093	69,3
1094	69,4
1095	69,6
1096	69,7
1097	69,6
1098	69,6
1099	69,8
1100	70
1101	70,3
1102	70,5
1103	70,3
1104	69,9
1105	70
1106	70,8
1107	71,8
1108	72,8
1109	73,8
1110	74,8
1111	75,6
1112	76,3
1113	77,1
1114	77,8
1115	78,3
1116	78,8
1117	79,3
1118	79,7
1119	80,2
1120	80,4
1121	80,4
1122	80,6
1123	81
1124	81,1
1125	81,3
1126	81,6
1127	81,5
1128	80,6
1129	79,7
1130	79,2
1131	78,8
1132	78,2
1133	77,8
1134	77,4
1135	74,2
1136	71,7
1137	69
1138	65,6
1139	63,2
1140	60
1141	57,4
1142	54,9
1143	51,4
1144	47,4
1145	44,1
1146	41,6
1147	38,7
1148	37,2
1149	35,4
1150	33,8
1151	30,7
1152	28,7
1153	28,7
1154	29,1
1155	29,1
1156	29,4
1157	29,8
1158	29,6
1159	29,7
1160	31,4
1161	33,2
1162	32,4
1163	29,1
1164	25,7
1165	24
1166	23,4
1167	22,8
1168	22,1
1169	21,8
1170	21,7
1171	22,3
1172	24,4
1173	27,5
1174	29,2
1175	29
1176	29,1
1177	31,1
1178	32,9
1179	33
1180	32,9
1181	33,5
1182	32,9
1183	29,4
1184	25,1
1185	22,6
1186	22,2
1187	22,6
1188	23,7
1189	25,9
1190	28,5
1191	30,9
1192	33,3
1193	34,7
1194	31,8
1195	28,1
1196	24,9
1197	22,6
1198	19,4
1199	16,7
1200	14,2
1201	10,7
1202	6,7
1203	3,5
1204	0