Time [s]	Speed [mph]	Speed [km/h]
0	0	0
1	0	0
2	0	0
3	0	0
4	0	0
5	0	0
6	0	0
7	0,3	0,482802
8	0	0
9	0,2	0,321868
10	0,3	0,482802
11	0	0
12	0	0
13	0	0
14	0	0
15	0	0
16	0	0
17	0	0
18	0	0
19	0	0
20	0	0
21	0	0
22	0	0
23	0	0
24	0	0
25	0	0
26	0	0
27	0,1	0,160934
28	0,2	0,321868
29	0	0
30	0	0
31	0	0
32	0	0
33	0	0
34	0	0
35	0	0
36	0	0
37	0	0
38	0	0
39	0	0
40	0	0
41	0	0
42	0	0
43	0	0
44	0	0
45	0	0
46	0	0
47	0,4	0,643736
48	2,8	4,506152
49	5,6	9,012304
50	7	11,26538
51	7,6	12,230984
52	7,6	12,230984
53	6,2	9,977908
54	6,4	10,299776
55	7,6	12,230984
56	9,5	15,28873
57	8,9	14,323126
58	8,6	13,840324
59	9,6	15,449664
60	12,4	19,955816
61	15	24,1401
62	17,8	28,646252
63	21	33,79614
64	22,9	36,853886
65	21,7	34,922678
66	18,2	29,289988
67	14,5	23,33543
68	10,2	16,415268
69	5,6	9,012304
70	2,5	4,02335
71	2,1	3,379614
72	3,1	4,988954
73	5,7	9,173238
74	9	14,48406
75	10,8	17,380872
76	10,8	17,380872
77	9,5	15,28873
78	6,5	10,46071
79	3,9	6,276426
80	2,6	4,184284
81	1	1,60934
82	0,8	1,287472
83	0,1	0,160934
84	0	0
85	0	0
86	0	0
87	0	0
88	0,3	0,482802
89	0,2	0,321868
90	0	0
91	0	0
92	0	0
93	0	0
94	0	0
95	0	0
96	2,7	4,345218
97	8,3	13,357522
98	12,4	19,955816
99	15,7	25,266638
100	17,4	28,002516
101	17,3	27,841582
102	17,2	27,680648
103	15,1	24,301034
104	11,2	18,024608
105	8,6	13,840324
106	5,9	9,495106
107	5,4	8,690436
108	6,8	10,943512
109	6,9	11,104446
110	4,8	7,724832
111	5,7	9,173238
112	7,1	11,426314
113	6,8	10,943512
114	5,9	9,495106
115	6	9,65604
116	6	9,65604
117	5,9	9,495106
118	5,6	9,012304
119	5,5	8,85137
120	7,2	11,587248
121	9,9	15,932466
122	10,8	17,380872
123	11,4	18,346476
124	11,9	19,151146
125	12,1	19,473014
126	12,6	20,277684
127	12,3	19,794882
128	10,6	17,059004
129	9,9	15,932466
130	9,4	15,127796
131	8,9	14,323126
132	7,6	12,230984
133	6,1	9,816974
134	5	8,0467
135	3,7	5,954558
136	2,6	4,184284
137	1	1,60934
138	0,8	1,287472
139	0,1	0,160934
140	0,4	0,643736
141	0,2	0,321868
142	0	0
143	0	0
144	0	0
145	1,3	2,092142
146	6	9,65604
147	10,2	16,415268
148	12,1	19,473014
149	13,8	22,208892
150	15,1	24,301034
151	16,2	26,071308
152	15,9	25,588506
153	16	25,74944
154	16,8	27,036912
155	17,5	28,16345
156	18	28,96812
157	19,6	31,543064
158	21,7	34,922678
159	23,1	37,175754
160	23,7	38,141358
161	24,1	38,785094
162	24,5	39,42883
163	25	40,2335
164	25,2	40,555368
165	24,6	39,589764
166	24,3	39,106962
167	23,3	37,497622
168	22,7	36,532018
169	22,1	35,566414
170	21,6	34,761744
171	21,1	33,957074
172	20,3	32,669602
173	19,2	30,899328
174	17	27,35878
175	13,9	22,369826
176	14,1	22,691694
177	14,6	23,496364
178	14,6	23,496364
179	14,5	23,33543
180	14,4	23,174496
181	14,2	22,852628
182	14,2	22,852628
183	13,2	21,243288
184	11,5	18,50741
185	8,4	13,518456
186	5,5	8,85137
187	3,7	5,954558
188	2,9	4,667086
189	1,3	2,092142
190	0,8	1,287472
191	0,3	0,482802
192	0,1	0,160934
193	0,1	0,160934
194	0	0
195	1,3	2,092142
196	3,9	6,276426
197	9,9	15,932466
198	15,9	25,588506
199	19,3	31,060262
200	20,7	33,313338
201	21,4	34,439876
202	21,4	34,439876
203	20,5	32,99147
204	19	30,57746
205	16,7	26,875978
206	13,1	21,082354
207	11,2	18,024608
208	14,9	23,979166
209	19,8	31,864932
210	23,8	38,302292
211	25,7	41,360038
212	26,2	42,164708
213	26,4	42,486576
214	23,3	37,497622
215	19,6	31,543064
216	18,9	30,416526
217	19,3	31,060262
218	19,4	31,221196
219	18,5	29,77279
220	17,5	28,16345
221	16,4	26,393176
222	15,6	25,105704
223	15,6	25,105704
224	16	25,74944
225	16,8	27,036912
226	17,5	28,16345
227	18	28,96812
228	19,6	31,543064
229	21,7	34,922678
230	23,5	37,81949
231	24,6	39,589764
232	25	40,2335
233	24,3	39,106962
234	23,1	37,175754
235	20,7	33,313338
236	17,2	27,680648
237	13,5	21,72609
238	9,2	14,805928
239	3,3	5,310822
240	0	0
241	0	0
242	0	0
243	0	0
244	0	0
245	0	0
246	0	0
247	0	0
248	0	0
249	0	0
250	0	0
251	0	0
252	0	0
253	0	0
254	0,2	0,321868
255	2	3,21868
256	4,5	7,24203
257	6,4	10,299776
258	7,2	11,587248
259	7,6	12,230984
260	7,2	11,587248
261	6,6	10,621644
262	6,5	10,46071
263	5,1	8,207634
264	4,4	7,081096
265	5,5	8,85137
266	3	4,82802
267	3,4	5,471756
268	3	4,82802
269	2,9	4,667086
270	1,3	2,092142
271	0,8	1,287472
272	0,3	0,482802
273	0	0
274	0	0
275	0,3	0,482802
276	4,7	7,563898
277	9,7	15,610598
278	13,9	22,369826
279	16,7	26,875978
280	19,1	30,738394
281	20,5	32,99147
282	20,5	32,99147
283	19,7	31,703998
284	19,9	32,025866
285	20,4	32,830536
286	20,9	33,635206
287	21,4	34,439876
288	21,9	35,244546
289	22,4	36,049216
290	22,1	35,566414
291	21,4	34,439876
292	20,8	33,474272
293	20,3	32,669602
294	20,5	32,99147
295	19,3	31,060262
296	17,3	27,841582
297	17,1	27,519714
298	16,7	26,875978
299	14,3	23,013562
300	11,9	19,151146
301	10,7	17,219938
302	10,2	16,415268
303	9,4	15,127796
304	10,6	17,059004
305	12,8	20,599552
306	13,7	22,047958
307	12,3	19,794882
308	10,4	16,737136
309	8,6	13,840324
310	5,5	8,85137
311	3,2	5,149888
312	2	3,21868
313	0,6	0,965604
314	0	0
315	0	0
316	0	0
317	0	0
318	0	0
319	0	0
320	0	0
321	0	0
322	0	0
323	2,5	4,02335
324	6,1	9,816974
325	5,5	8,85137
326	3,2	5,149888
327	3,6	5,793624
328	6,1	9,816974
329	9,1	14,644994
330	9,8	15,771532
331	8,6	13,840324
332	6,8	10,943512
333	5,9	9,495106
334	5,6	9,012304
335	6	9,65604
336	7,2	11,587248
337	8,4	13,518456
338	9,3	14,966862
339	7,6	12,230984
340	5,5	8,85137
341	2,5	4,02335
342	0,1	0,160934
343	0	0
344	0	0
345	0	0
346	0	0
347	0	0
348	0	0
349	0	0
350	0	0
351	0	0
352	0	0
353	0	0
354	0	0
355	0,1	0,160934
356	0,3	0,482802
357	0,5	0,80467
358	0,6	0,965604
359	0,5	0,80467
360	0,2	0,321868
361	0	0
362	0	0
363	0	0
364	0	0
365	0	0
366	0	0
367	0,1	0,160934
368	0	0
369	0	0
370	0	0
371	0,1	0,160934
372	0,1	0,160934
373	0	0
374	0	0
375	0	0
376	0	0
377	0	0
378	0	0
379	0	0
380	0	0
381	0	0
382	0	0
383	0	0
384	0	0
385	0	0
386	0	0
387	0	0
388	0	0
389	0	0
390	0	0
391	0	0
392	0	0
393	0	0
394	0	0
395	0,2	0,321868
396	1,6	2,574944
397	3	4,82802
398	3	4,82802
399	2,1	3,379614
400	2,3	3,701482
401	4,6	7,402964
402	7,8	12,552852
403	9,9	15,932466
404	10,7	17,219938
405	10,2	16,415268
406	10,1	16,254334
407	10,7	17,219938
408	10,9	17,541806
409	11,4	18,346476
410	11,1	17,863674
411	10	16,0934
412	8,8	14,162192
413	8,2	13,196588
414	8,6	13,840324
415	10,2	16,415268
416	11,8	18,990212
417	13	20,92142
418	13,3	21,404222
419	12,8	20,599552
420	11,7	18,829278
421	11,7	18,829278
422	12,4	19,955816
423	13,7	22,047958
424	14,4	23,174496
425	14,3	23,013562
426	14,7	23,657298
427	15,1	24,301034
428	15,3	24,622902
429	15,8	25,427572
430	14,5	23,33543
431	12,2	19,633948
432	11,1	17,863674
433	12	19,31208
434	13,1	21,082354
435	12,2	19,633948
436	8,9	14,323126
437	7,7	12,391918
438	7,6	12,230984
439	8	12,87472
440	5,5	8,85137
441	3,3	5,310822
442	2,4	3,862416
443	1,4	2,253076
444	0,6	0,965604
445	0	0
446	0	0
447	0	0
448	0	0
449	0	0
450	0	0
451	0	0
452	0,1	0,160934
453	0	0
454	0	0
455	0	0
456	0	0
457	0	0
458	0	0
459	0	0
460	0	0
461	0	0
462	0	0
463	0	0
464	0	0
465	0	0
466	0	0
467	0	0
468	0	0
469	0	0
470	0	0
471	0	0
472	0	0
473	0	0
474	0	0
475	0	0
476	0	0
477	0	0
478	0	0
479	0	0
480	0	0
481	0	0
482	0	0
483	0	0
484	0	0
485	0	0
486	0	0
487	0	0
488	0	0
489	0	0
490	0	0
491	0	0
492	0	0
493	0	0
494	0	0
495	1	1,60934
496	4,1	6,598294
497	7,4	11,909116
498	10,2	16,415268
499	11,3	18,185542
500	11,8	18,990212
501	12,2	19,633948
502	14,3	23,013562
503	16	25,74944
504	17,8	28,646252
505	18,6	29,933724
506	19,6	31,543064
507	20,2	32,508668
508	19,9	32,025866
509	19,7	31,703998
510	20,8	33,474272
511	21	33,79614
512	18,8	30,255592
513	17,6	28,324384
514	13	20,92142
515	7,5	12,07005
516	2,9	4,667086
517	0,8	1,287472
518	0	0
519	0,2	0,321868
520	0,7	1,126538
521	1,4	2,253076
522	2,3	3,701482
523	2,7	4,345218
524	3	4,82802
525	2,7	4,345218
526	1,2	1,931208
527	0,1	0,160934
528	0,7	1,126538
529	1,8	2,896812
530	3,1	4,988954
531	3,9	6,276426
532	5,3	8,529502
533	7,8	12,552852
534	9,7	15,610598
535	10,3	16,576202
536	10,2	16,415268
537	9,4	15,127796
538	7,1	11,426314
539	6,8	10,943512
540	8,9	14,323126
541	10,6	17,059004
542	11,9	19,151146
543	15,5	24,94477
544	19,6	31,543064
545	22,8	36,692952
546	25,1	40,394434
547	26	41,84284
548	26,7	42,969378
549	27,3	43,934982
550	27,7	44,578718
551	27,6	44,417784
552	27,3	43,934982
553	25,7	41,360038
554	23,3	37,497622
555	20,6	33,152404
556	17,8	28,646252
557	14,9	23,979166
558	11,3	18,185542
559	7,4	11,909116
560	4,6	7,402964
561	1,7	2,735878
562	0,7	1,126538
563	0	0
564	0	0
565	0	0
566	0	0
567	0	0
568	0	0
569	0	0
570	0	0
571	0	0
572	0	0
573	0	0
574	0	0
575	0	0
576	0	0
577	0	0
578	0	0
579	0	0
580	0	0
581	0	0
582	0	0
583	0	0
584	0	0
585	0	0
586	0	0
587	0	0
588	0	0
589	0	0
590	0	0
591	0	0
592	0	0
593	0	0
594	0	0
595	0	0
596	0	0
597	0	0
598	0	0