Time [s]	Speed [mph]	Speed [km/h]
0	0	0
1	0	0
2	0	0
3	0	0
4	0	0
5	0	0
6	0,2	0,321868
7	0,7	1,126538
8	1,1	1,770274
9	1,7	2,735878
10	6	9,65604
11	13,9	22,369826
12	20,5	32,99147
13	25,7	41,360038
14	25	40,2335
15	28,4	45,705256
16	32,3	51,981682
17	34,6	55,683164
18	36,5	58,74091
19	38,4	61,798656
20	39,9	64,212666
21	42,2	67,914148
22	43,8	70,489092
23	44,2	71,132828
24	43,4	69,845356
25	42,6	68,557884
26	40,3	64,856402
27	39,2	63,086128
28	38,4	61,798656
29	38,4	61,798656
30	39,2	63,086128
31	38,8	62,442392
32	38,8	62,442392
33	36,5	58,74091
34	32,3	51,981682
35	27,6	44,417784
36	22,3	35,888282
37	17,3	27,841582
38	11,5	18,50741
39	5,8	9,334172
40	1,2	1,931208
41	0	0
42	0	0
43	0	0
44	0	0
45	0	0
46	0	0
47	0	0
48	0	0
49	0,8	1,287472
50	9,2	14,805928
51	14,9	23,979166
52	18,2	29,289988
53	22,2	35,727348
54	27,2	43,774048
55	31,4	50,533276
56	33,8	54,395692
57	37,2	59,867448
58	40,8	65,661072
59	44	70,81096
60	46,3	74,512442
61	47,6	76,604584
62	49,5	79,66233
63	51,2	82,398208
64	53	85,29502
65	54,4	87,548096
66	55,6	89,479304
67	56,4	90,766776
68	56,1	90,283974
69	56,2	90,444908
70	55,8	89,801172
71	55,1	88,674634
72	54,4	87,548096
73	54,2	87,226228
74	54,4	87,548096
75	54,2	87,226228
76	53,5	86,09969
77	52,3	84,168482
78	52	83,68568
79	51,9	83,524746
80	51,8	83,363812
81	51,9	83,524746
82	52	83,68568
83	52,5	84,49035
84	53,4	85,938756
85	54,9	88,352766
86	56,8	91,410512
87	58,8	94,629192
88	60,6	97,526004
89	62,3	100,261882
90	64,2	103,319628
91	66,2	106,538308
92	67,8	109,113252
93	69,4	111,688196
94	70,4	113,297536
95	70,6	113,619404
96	70,7	113,780338
97	70,3	113,136602
98	68,2	109,756988
99	66,5	107,02111
100	64,9	104,446166
101	63,7	102,514958
102	62,5	100,58375
103	61	98,16974
104	59,3	95,433862
105	57,7	92,858918
106	56	90,12304
107	54,5	87,70903
108	52,8	84,973152
109	51,2	82,398208
110	49,5	79,66233
111	48	77,24832
112	46,3	74,512442
113	44	70,81096
114	41,1	66,143874
115	38,8	62,442392
116	37,7	60,672118
117	36,6	58,901844
118	35,3	56,809702
119	30	48,2802
120	24,4	39,267896
121	19,8	31,864932
122	15,5	24,94477
123	10,8	17,380872
124	6,3	10,138842
125	3,2	5,149888
126	2,1	3,379614
127	1,2	1,931208
128	0	0
129	0	0
130	0	0
131	0	0
132	0	0
133	0	0
134	0	0
135	0	0
136	2,7	4,345218
137	9,2	14,805928
138	16,1	25,910374
139	22,7	36,532018
140	29,2	46,992728
141	34,2	55,039428
142	38,8	62,442392
143	43	69,20162
144	45,3	72,903102
145	46,8	75,317112
146	48	77,24832
147	49,5	79,66233
148	50,3	80,949802
149	51,5	82,88101
150	52,2	84,007548
151	52,6	84,651284
152	53	85,29502
153	53,8	86,582492
154	53,8	86,582492
155	53,8	86,582492
156	54,6	87,869964
157	56,3	90,605842
158	56,9	91,571446
159	58,1	93,502654
160	58,4	93,985456
161	59,6	95,916664
162	59,9	96,399466
163	60,2	96,882268
164	60,5	97,36507
165	59,7	96,077598
166	58,3	93,824522
167	58,1	93,502654
168	57,8	93,019852
169	57,3	92,215182
170	57,5	92,53705
171	56,6	91,088644
172	57	91,73238
173	56,6	91,088644
174	56,5	90,92771
175	56,2	90,444908
176	56,4	90,766776
177	56,6	91,088644
178	56,4	90,766776
179	56,1	90,283974
180	56	90,12304
181	55,9	89,962106
182	54,8	88,191832
183	54,2	87,226228
184	54,6	87,869964
185	52,2	84,007548
186	54,7	88,030898
187	55,7	89,640238
188	57	91,73238
189	58	93,34172
190	58,1	93,502654
191	59,4	95,594796
192	59,9	96,399466
193	61	98,16974
194	61,4	98,813476
195	61,9	99,618146
196	62,5	100,58375
197	62,5	100,58375
198	62,7	100,905618
199	62,2	100,100948
200	62,5	100,58375
201	63,1	101,549354
202	62,7	100,905618
203	62,8	101,066552
204	63	101,38842
205	64,1	103,158694
206	63,9	102,836826
207	64,1	103,158694
208	64,3	103,480562
209	64,5	103,80243
210	64,9	104,446166
211	65,3	105,089902
212	66	106,21644
213	66	106,21644
214	66,4	106,860176
215	64,1	103,158694
216	63,6	102,354024
217	63,9	102,836826
218	64,1	103,158694
219	63,7	102,514958
220	64,3	103,480562
221	64,2	103,319628
222	63,9	102,836826
223	64,2	103,319628
224	63,4	102,032156
225	64	102,99776
226	63,9	102,836826
227	64	102,99776
228	63,8	102,675892
229	64	102,99776
230	63,3	101,871222
231	63,4	102,032156
232	63,9	102,836826
233	64	102,99776
234	64,3	103,480562
235	64,8	104,285232
236	65,1	104,768034
237	64	102,99776
238	64,2	103,319628
239	63,1	101,549354
240	63,7	102,514958
241	63,1	101,549354
242	63,7	102,514958
243	63,5	102,19309
244	63	101,38842
245	63,1	101,549354
246	63	101,38842
247	63,3	101,871222
248	63,4	102,032156
249	63,3	101,871222
250	62,5	100,58375
251	62,5	100,58375
252	62,9	101,227486
253	62,8	101,066552
254	62,2	100,100948
255	62,4	100,422816
256	62,3	100,261882
257	62,3	100,261882
258	62,4	100,422816
259	62,1	99,940014
260	62,5	100,58375
261	62,8	101,066552
262	62,3	100,261882
263	62,3	100,261882
264	62,4	100,422816
265	61,9	99,618146
266	62,8	101,066552
267	62,8	101,066552
268	62,3	100,261882
269	62,8	101,066552
270	62,4	100,422816
271	62,1	99,940014
272	61,9	99,618146
273	61,8	99,457212
274	62,1	99,940014
275	62,1	99,940014
276	62,1	99,940014
277	62	99,77908
278	62,4	100,422816
279	62,2	100,100948
280	62,2	100,100948
281	62,4	100,422816
282	62,7	100,905618
283	62,6	100,744684
284	63,7	102,514958
285	64,3	103,480562
286	64,8	104,285232
287	65,1	104,768034
288	65,9	106,055506
289	66,1	106,377374
290	67	107,82578
291	67,2	108,147648
292	67,5	108,63045
293	68,3	109,917922
294	68,3	109,917922
295	68,8	110,722592
296	69,1	111,205394
297	69,4	111,688196
298	71,7	115,389678
299	72,1	116,033414
300	74,9	120,539566
301	72,6	116,838084
302	72,2	116,194348
303	72,2	116,194348
304	72	115,87248
305	72,5	116,67715
306	72,8	117,159952
307	72,7	116,999018
308	71,8	115,550612
309	71,4	114,906876
310	71,1	114,424074
311	71,1	114,424074
312	70,9	114,102206
313	71	114,26314
314	71	114,26314
315	71,2	114,585008
316	72,1	116,033414
317	72,6	116,838084
318	73,6	118,447424
319	74,8	120,378632
320	75,7	121,827038
321	77,3	124,401982
322	78,4	126,172256
323	79,3	127,620662
324	78,2	125,850388
325	76	122,30984
326	75,6	121,666104
327	76,4	122,953576
328	77,6	124,884784
329	78	125,52852
330	79,1	127,298794
331	79,5	127,94253
332	79,9	128,586266
333	79,9	128,586266
334	80,3	129,230002
335	80,3	129,230002
336	79,5	127,94253
337	79,5	127,94253
338	79,1	127,298794
339	78,7	126,655058
340	77,6	124,884784
341	76,5	123,11451
342	74,3	119,573962
343	72,6	116,838084
344	70,8	113,941272
345	67,6	108,791384
346	66,4	106,860176
347	66,7	107,342978
348	66,1	106,377374
349	65,9	106,055506
350	66,2	106,538308
351	66,1	106,377374
352	67,1	107,986714
353	67,4	108,469516
354	68,3	109,917922
355	68,3	109,917922
356	68,7	110,561658
357	68,2	109,756988
358	68,1	109,596054
359	68	109,43512
360	67,1	107,986714
361	66,4	106,860176
362	66,1	106,377374
363	65,7	105,733638
364	66	106,21644
365	66,4	106,860176
366	66	106,21644
367	66,3	106,699242
368	67	107,82578
369	67,5	108,63045
370	67,9	109,274186
371	68,1	109,596054
372	68,5	110,23979
373	68,9	110,883526
374	68,6	110,400724
375	69,4	111,688196
376	69,4	111,688196
377	69,4	111,688196
378	70	112,6538
379	70,4	113,297536
380	70,6	113,619404
381	70,9	114,102206
382	70,3	113,136602
383	70,6	113,619404
384	70,3	113,136602
385	69,7	112,170998
386	69,9	112,492866
387	70,1	112,814734
388	69,6	112,010064
389	69,3	111,527262
390	69,9	112,492866
391	69,7	112,170998
392	69,5	111,84913
393	69,9	112,492866
394	70,2	112,975668
395	70,2	112,975668
396	70,2	112,975668
397	71	114,26314
398	70,8	113,941272
399	70,9	114,102206
400	70,7	113,780338
401	70,9	114,102206
402	71,2	114,585008
403	71,3	114,745942
404	70,8	113,941272
405	71,2	114,585008
406	71,7	115,389678
407	71,9	115,711546
408	72,6	116,838084
409	72,3	116,355282
410	72,3	116,355282
411	72,1	116,033414
412	72	115,87248
413	71,9	115,711546
414	72,6	116,838084
415	72,8	117,159952
416	73,2	117,803688
417	72,1	116,033414
418	71,5	115,06781
419	70,9	114,102206
420	70,4	113,297536
421	70,5	113,45847
422	70,9	114,102206
423	70,2	112,975668
424	71	114,26314
425	70,2	112,975668
426	70,3	113,136602
427	69,1	111,205394
428	68,8	110,722592
429	68,2	109,756988
430	68,3	109,917922
431	68,2	109,756988
432	67,7	108,952318
433	67,3	108,308582
434	67,5	108,63045
435	67,6	108,791384
436	67,6	108,791384
437	67,2	108,147648
438	67	107,82578
439	66,3	106,699242
440	66,6	107,182044
441	66,2	106,538308
442	66,4	106,860176
443	65,9	106,055506
444	66,1	106,377374
445	65,5	105,41177
446	62,2	100,100948
447	62,2	100,100948
448	61,4	98,813476
449	61,1	98,330674
450	61,4	98,813476
451	61,1	98,330674
452	61,4	98,813476
453	61,4	98,813476
454	61,8	99,457212
455	61,8	99,457212
456	61,8	99,457212
457	61,8	99,457212
458	62,2	100,100948
459	61,8	99,457212
460	62,2	100,100948
461	62,6	100,744684
462	62,2	100,100948
463	62,6	100,744684
464	62,2	100,100948
465	62,6	100,744684
466	62,6	100,744684
467	63	101,38842
468	62,6	100,744684
469	62,2	100,100948
470	61,1	98,330674
471	59,5	95,75573
472	58,8	94,629192
473	56,8	91,410512
474	55,7	89,640238
475	54,1	87,065294
476	51,5	82,88101
477	49,2	79,179528
478	48,8	78,535792
479	47,6	76,604584
480	44,9	72,259366
481	41,5	66,78761
482	37,2	59,867448
483	34,6	55,683164
484	33	53,10822
485	29,2	46,992728
486	22,3	35,888282
487	17,7	28,485318
488	17,3	27,841582
489	14	22,53076
490	10	16,0934
491	6	9,65604
492	2	3,21868
493	0	0
494	0	0
495	0	0
496	0	0
497	0	0
498	0	0
499	0	0
500	0	0
501	0,2	0,321868
502	4,4	7,081096
503	10,1	16,254334
504	15,6	25,105704
505	20,8	33,474272
506	25,1	40,394434
507	27,7	44,578718
508	28,2	45,383388
509	26,8	43,130312
510	24,8	39,911632
511	22,4	36,049216
512	17,1	27,519714
513	11,3	18,185542
514	6,9	11,104446
515	7,5	12,07005
516	11,1	17,863674
517	15,4	24,783836
518	19,9	32,025866
519	24,2	38,946028
520	27,1	43,613114
521	28,5	45,86619
522	28,2	45,383388
523	25,6	41,199104
524	21,7	34,922678
525	17,3	27,841582
526	12,1	19,473014
527	7,5	12,07005
528	5,8	9,334172
529	2,4	3,862416
530	1,2	1,931208
531	1,9	3,057746
532	6,7	10,782578
533	11,8	18,990212
534	16,8	27,036912
535	21,7	34,922678
536	25,9	41,681906
537	27,7	44,578718
538	28	45,06152
539	27,1	43,613114
540	24,4	39,267896
541	20,2	32,508668
542	15,2	24,461968
543	9,3	14,966862
544	5	8,0467
545	2,9	4,667086
546	2,4	3,862416
547	8,4	13,518456
548	13,5	21,72609
549	17,8	28,646252
550	22,2	35,727348
551	26,2	42,164708
552	30	48,2802
553	29,8	47,958332
554	26	41,84284
555	21,3	34,278942
556	16,2	26,071308
557	11,4	18,346476
558	6,6	10,621644
559	2,6	4,184284
560	0	0
561	0	0
562	0	0
563	0	0
564	0	0
565	0	0
566	0	0
567	0	0
568	0,3	0,482802
569	6,4	10,299776
570	12,7	20,438618
571	19,2	30,899328
572	23,8	38,302292
573	28,2	45,383388
574	34,9	56,165966
575	37,5	60,35025
576	40,3	64,856402
577	45	72,4203
578	49,9	80,306066
579	51,6	83,041944
580	51,2	82,398208
581	50,6	81,432604
582	49,9	80,306066
583	47,8	76,926452
584	44,6	71,776564
585	41,2	66,304808
586	37,8	60,833052
587	33,4	53,751956
588	28	45,06152
589	23,7	38,141358
590	18,8	30,255592
591	12,9	20,760486
592	6,2	9,977908
593	2,2	3,540548
594	0	0
595	0	0
596	0	0
597	0	0
598	0	0
599	0	0
600	0	0